40 40
-14 -35 -6 11 -19 20 -46 -27 -50 -47 -1 -2 44 4 -44 46 -14 -8 13 -22 26 -35 -25 -22 8 2 34 -37 19 -30 -31 -20 13 16 -25 -19 -36 27 -15 -45
-18 -49 28 47 -7 -48 8 -39 23 6 28 49 41 -10 -50 -40 -46 50 -32 -36 35 -30 26 16 6 12 7 -15 29 -7 11 -18 10 -9 -13 -18 13 -37 26 48
26 38 -9 -34 -5 -21 5 -18 0 46 -19 8 42 -7 21 -46 5 -47 -28 -43 4 41 -48 50 34 -32 -18 23 14 -5 28 -28 36 8 -4 -22 -31 -44 10 30
-35 15 -38 15 36 23 44 -46 35 40 17 45 -33 -6 -1 -34 -23 8 -35 47 33 28 -9 41 -43 -37 -30 -32 35 6 5 37 37 -19 27 -3 13 5 -32 31
-15 -50 -36 -45 -4 -16 44 -43 -39 47 24 -13 -16 -43 15 -5 12 19 33 -12 35 -11 46 50 39 -6 36 -22 -24 -26 -32 -27 28 -5 -40 -46 -26 19 45 -7
16 2 -18 29 43 18 -39 13 24 -39 -18 -17 -10 18 -45 31 -36 -16 32 46 28 -27 34 15 5 35 -30 -34 -15 -34 36 16 40 -49 -32 33 42 -14 45 -16
17 44 -33 34 38 4 -39 32 -12 -15 48 39 20 4 20 -39 -50 16 -19 -29 19 29 6 -45 39 -50 -22 45 -39 -10 11 -42 -45 -10 -16 46 17 10 16 -11
-35 9 24 -9 5 19 1 6 -46 41 -29 43 -48 -29 -42 -29 -38 14 11 -12 30 4 -41 45 -18 7 38 16 15 -25 -29 14 -37 40 6 -13 -5 14 7 14
1 5 12 4 -20 -23 -48 23 -49 -50 47 -21 -26 37 5 -36 9 -1 -48 10 19 -1 -35 -41 45 -15 -38 20 -5 23 -19 9 43 -49 -46 33 42 -7 -12 16
-26 -44 -32 2 -15 0 -22 -14 29 13 32 -14 -35 31 35 -48 37 13 -18 -37 10 26 -8 -39 -44 1 42 -47 26 12 -2 28 -21 22 28 -10 -1 -1 19 -7
-41 48 -45 41 7 -6 -25 -35 -5 -32 46 -46 -39 7 14 -33 1 47 20 32 22 17 -3 39 -16 -49 -20 2 -48 42 -15 -29 1 -13 14 -9 27 33 8 -16
0 14 -30 29 5 41 -14 -43 -41 6 -40 -3 36 -15 -44 42 -28 -25 16 -26 -24 -30 -40 20 -38 -29 -29 50 28 11 -31 -3 10 34 22 -31 -45 -6 9 -12
40 10 25 -26 7 -6 20 -24 38 23 19 -19 13 -25 16 -3 6 -23 -13 -48 -1 9 -5 22 -32 41 44 -46 31 38 7 19 32 14 12 22 -22 -42 43 -46
13 19 -50 -22 12 -50 5 8 49 -15 -46 15 50 45 7 -8 27 46 -15 -29 -5 20 7 11 48 33 -32 26 9 -48 -17 -12 29 1 -34 12 10 -33 -4 27
46 -34 17 46 -38 -21 23 44 35 -43 8 45 -27 6 8 -2 28 -28 19 7 -11 29 25 36 -6 -38 26 -47 3 16 16 32 18 -18 39 34 6 -32 -21 -16
7 -19 -14 5 -23 -4 18 -43 34 -15 -6 -35 28 43 -34 41 -26 -7 -47 -2 -7 20 -40 13 28 1 48 50 29 -30 25 -34 28 7 -21 39 38 37 8 26
12 -39 -8 -5 -20 -1 -37 -24 41 26 24 48 13 38 26 10 2 -22 36 43 -21 35 34 -45 -25 -7 20 -21 -25 11 28 -45 30 -41 15 -43 -11 -6 41 -8
10 -12 4 -31 -19 44 37 18 -4 7 2 41 -34 45 40 23 -18 -46 -49 42 -33 18 17 -1 -17 -47 -45 -49 30 25 -19 -10 3 8 -48 13 -19 37 30 -39
0 -49 24 -19 2 3 20 -49 35 -44 49 -35 -15 -22 -1 25 47 -17 -25 24 -6 -32 -3 -21 -3 -6 6 19 -19 29 -43 -4 -27 45 26 -3 -12 -13 47 29
29 -3 10 25 -45 -27 -2 47 20 17 -48 33 7 8 40 24 -37 27 39 -48 27 26 -29 50 43 32 14 -16 44 -19 38 41 27 -18 -3 -12 -32 31 20 -50
-30 -9 -13 -13 -33 27 -7 49 29 -46 -16 16 24 -46 -49 9 -12 -16 -16 -50 -26 -41 26 6 45 1 -7 5 1 15 -40 23 -38 -33 16 4 47 2 7 34
15 39 -12 5 -22 27 48 -40 -14 43 -17 8 49 -14 -31 27 9 0 -15 33 35 37 -47 -47 13 -34 -19 -33 -48 -12 -23 -22 9 -21 13 25 2 10 -48 -47
-36 29 -22 25 -20 -11 27 25 15 9 29 -48 -3 -46 -21 46 34 -13 48 -34 6 13 -16 25 -18 19 30 -26 10 -47 45 -10 7 10 44 -28 -13 -30 29 -23
-48 9 39 38 -13 31 -13 -39 6 45 -17 32 -25 26 -36 29 31 -2 29 3 4 19 45 49 46 48 -26 -7 31 39 19 21 -23 -17 11 -28 41 5 -4 -35
33 -22 25 -16 32 36 11 -48 29 -47 24 13 6 -17 15 37 14 16 -28 34 -8 50 -3 -5 -27 -4 33 18 -6 24 27 38 -43 -3 -32 14 37 46 -11 24
10 20 7 -44 24 15 48 35 39 -42 18 37 40 -7 -9 -48 2 25 -31 -39 -15 -23 -15 15 35 -22 -9 -43 24 -11 33 -37 11 30 -12 24 29 -28 -11 -5
-28 31 -18 -33 45 -25 -13 49 -47 16 -8 -33 -43 6 -27 -20 -43 28 -39 24 -40 -37 22 20 -16 45 -15 14 -8 21 -41 45 46 -28 31 -14 28 -31 28 -46
-17 41 -4 -47 -44 -17 -45 -11 -16 4 -18 9 -26 -46 -26 30 48 -9 -18 -11 -25 13 20 -5 48 35 6 -26 -21 -36 25 -15 41 43 -20 -41 31 -11 21 -3
-42 -6 50 38 -7 -1 -2 43 -44 -32 -19 24 -42 39 45 -39 -26 -49 -43 -35 11 -16 -38 -16 -10 31 22 48 -24 -9 29 19 1 23 -4 -19 -6 8 40 27
-50 -44 35 27 9 -9 -49 -42 19 0 0 -13 7 13 -20 -16 -26 30 36 31 33 -36 26 29 5 1 46 23 14 -32 46 50 -22 36 32 1 -46 23 44 -40
-32 -35 -35 5 11 13 -23 -23 -39 -43 -17 -11 16 -42 -1 -43 42 -50 -44 -4 20 -12 -36 -18 27 -19 -48 -27 -31 11 -21 1 -19 19 -4 5 -13 6 -23 -19
-43 -35 -37 -3 15 -15 38 39 -50 20 -19 -44 12 -21 -14 -35 8 11 12 8 -26 -24 33 27 -6 16 -3 28 29 38 -37 5 24 -35 10 -37 39 50 44 22
-32 12 -37 -47 -36 -43 -3 43 2 -17 19 -9 -38 -41 35 44 -31 -7 -49 -38 -25 26 32 14 -28 3 4 9 40 0 45 -44 -16 42 -19 5 -33 -41 47 3
27 -31 -41 -40 5 22 -2 48 -6 -13 34 -35 -44 10 -9 -11 -30 18 -49 17 -27 24 15 -36 26 -21 50 20 -40 -47 -38 -36 26 -38 27 18 -14 28 -19 3
37 16 -1 1 18 47 23 -30 -21 19 18 -18 -43 -36 10 -44 -42 37 -24 -12 -17 16 19 32 8 -26 -8 6 40 -8 -43 -50 34 26 -38 -16 -4 26 -37 0
17 15 -20 -9 41 3 -12 16 3 -22 -40 -7 23 -4 -39 39 23 -5 -39 -42 2 -27 39 1 3 -41 -50 -46 28 -26 -35 -23 5 -35 32 -45 -12 -34 -23 26
-39 -3 36 30 26 22 -39 9 32 -29 48 -26 10 -33 -33 11 0 1 -50 30 -31 35 50 -40 12 19 47 35 12 -12 -39 30 30 11 -27 -3 -15 24 34 -8
-13 -23 -16 6 -50 -27 15 -34 36 3 28 22 7 -29 40 24 9 -26 20 -44 27 -24 -4 -30 -40 -50 -9 7 -3 -18 -35 16 14 12 -2 -29 -34 -19 -23 26
15 30 -2 11 -10 22 42 42 27 -26 -34 -15 -50 2 8 23 41 -29 45 19 -40 11 -32 2 -43 -13 -34 23 -50 -16 -47 -50 12 18 -2 -19 -33 45 5 48
-27 0 10 -34 48 -30 -33 -11 29 45 -33 30 -23 28 1 9 -8 -17 -15 -47 40 -44 -1 15 -34 -18 -29 29 38 48 -37 -22 -2 1 -9 -7 -14 -10 27 48
